Temps pour calculer les descripteurs :
BGR : 10.695508480072021 s
HSV : 11.339310646057129 s
HOG : 43.53804969787598 s
LBP : 81.85261464118958 s
ORB : 37.382219552993774 s
SIFT : 242.8811182975769 s
GLCM : 131.9460175037384 s
