Temps pour calculer les descripteurs :
BGR : 18.298338174819946 s
HSV : 19.555264949798584 s
HOG : 56.37336778640747 s
LBP : 106.88820695877075 s
ORB : 56.650431394577026 s
SIFT : 403.3284146785736 s
GLCM : 233.39577555656433 s
